 1.2164  10.04
 1.2178  33.85
 1.2205  11.22
 1.2218  25.09
 1.2257  12.56
 1.2257  43.58
 1.2266  36.87
 1.2340  93.36
 1.2374  17.37
 1.2397  10.33
 1.2397  36.44
 1.2407  46.40
 1.2450 105.45
 1.2470  12.76
 1.2492  10.81
 1.2497  64.81
 1.2562  13.38
 1.2570  30.80
 1.2579  21.06
 1.2601  24.13
 1.2643  26.72
 1.2684  25.04
 1.2726  73.72
 1.2736  69.56
 1.2746  13.56
 1.2758  81.65
 1.2765  42.34
 1.2774  27.05
 1.2792  10.34
 1.2823  10.17
 1.2852  16.75
 1.2859  26.93
 1.2904  32.75
 1.2908  14.78
 1.2973  31.83
 1.2996  33.43
 1.3006  31.43
 1.3008 128.60
 1.3010  17.09
 1.3022  23.13
 1.3044  11.17
 1.3080  29.70
 1.3100  15.06
 1.3132  24.51
 1.3137  29.43
 1.3141  72.74
 1.3182  53.06
 1.3191  20.26
 1.3200  11.73
 1.3216  31.83
 1.3232  27.11
 1.3268  10.04
 1.3296  11.69
 1.3297  41.68
 1.3319  15.16
 1.3341  10.73
 1.3346  12.60
 1.3346  28.29
 1.3394  28.88
 1.3428  25.90
 1.3492  57.72
 1.3497  14.71
 1.3530  10.61
 1.3546  81.31
 1.3572  47.15
 1.3649  10.19
 1.3660  13.46
 1.3666  20.22
 1.3698  27.40
 1.3708  10.59
 1.3735  31.59
 1.3748  15.74
 1.3751  19.28
 1.3771  20.21
 1.3787  20.16
 1.3801  10.54
 1.3806  33.93
 1.3835  10.27
 1.3847  14.25
 1.3862  14.32
 1.3873  10.07
 1.3888  10.41
 1.3938  22.94
 1.3950  26.21
 1.3955  12.36
 1.4004  12.28
 1.4006  36.04
 1.4047  19.51
 1.4048  18.43
 1.4059  32.83
 1.4074  24.73
 1.4080  15.96
 1.4091  10.26
 1.4102  11.88
 1.4112  10.19
 1.4121  14.00
 1.4127  12.40
 1.4134  10.05
 1.4139  12.43
 1.4141  19.67
 1.4152  11.19
 1.4191  15.09
 1.4192  13.76
 1.4216  17.30
 1.4243  12.11
 1.4344  10.92
 1.4375  15.79
 1.4461  21.07
 1.4496  16.28
 1.4550  14.27
 1.4603  16.22
 1.4649  53.07
 1.4662  11.00
 1.4688  34.95
 1.4697  19.51
 1.4712  10.40
 1.4712  19.02
 1.4714  12.62
 1.4740  14.62
 1.4753  28.13
 1.4757  11.22
 1.4792  70.24
 1.4839  16.35
 1.4849  16.62
 1.4851  12.93
 1.4863  14.33
 1.4924  75.94
 1.4926  20.41
 1.4963  28.38
 1.5031 122.05
 1.5089  44.38
 1.5127 118.10
 1.5132  13.42
 1.5149  65.27
 1.5173  10.30
 1.5221  10.15
 1.5223  67.65
 1.5282  37.05
 1.5305  55.46
 1.5321  22.33
 1.5345  13.03
 1.5350  38.50
 1.5355  11.38
 1.5389  11.61
 1.5398  14.74
 1.5453  23.27
 1.5476  25.46
 1.5483  15.86
 1.5547  24.71
 1.5578 107.71
 1.5597  20.70
 1.5599  13.12
 1.5656  13.42
 1.5675  16.65
 1.5681  10.68
 1.5683  58.24
 1.5684 131.11
 1.5729  12.43
 1.5737  39.75
 1.5751  10.75
 1.5806  18.71
 1.5844  20.01
 1.5944  91.18
 1.5959  27.88
 1.6035  49.42
 1.6071  27.18
 1.6101  10.19
 1.6102 102.71
 1.6107  20.00
 1.6118  10.80
 1.6183  14.72
 1.6188  13.15
 1.6239  17.93
 1.6264  56.58
 1.6274  20.51
 1.6304  10.25
 1.6333  23.67
 1.6356  12.70
 1.6393  12.54
 1.6397  11.85
 1.6412  14.98
 1.6430  12.04
 1.6527  28.19
 1.6620  22.93
 1.6622  10.70
 1.6624  30.43
 1.6636  28.14
 1.6641  29.68
 1.6643  33.87
 1.6752  13.20
 1.6776  25.27
 1.6791  16.63
 1.6793  10.49
 1.6831  15.28
 1.6876  12.62
 1.6899  11.55
 1.6902  11.02
 1.6915  12.15
 1.6919  15.81
 1.6937  10.08
 1.6938  25.26
 1.6942  12.05
 1.6943  13.52
 1.6950  11.83
 1.6979  11.45
 1.6982  52.24
 1.7052  11.71
 1.7188  13.28
 1.7219 102.39
 1.7232  12.17
 1.7233  19.85
 1.7263  13.28
 1.7273  13.45
 1.7292  32.22
 1.7334  73.42
 1.7347  26.62
 1.7356  14.00
 1.7362  16.54
 1.7378  43.57
 1.7432  27.81
 1.7460  11.72
 1.7482  16.83
 1.7492  36.19
 1.7528  34.03
 1.7566  17.84
 1.7602  11.59
 1.7615  33.95
 1.7645  24.00
 1.7646  14.88
 1.7663  11.24
 1.7682  14.52
 1.7691  31.41
 1.7717  14.78
 1.7721  32.23
 1.7749  16.31
 1.7767  10.05
 1.7777  10.92
 1.7789  10.37
 1.7793  43.00
 1.7810  19.42
 1.7815  26.79
 1.7836  13.25
 1.7843  10.76
 1.7867  15.47
 1.7903  32.78
 1.7960  11.29
 1.8013  12.43
 1.8076  13.67
 1.8114  51.32
 1.8137  13.30
 1.8153  17.79
 1.8179  30.37
 1.8182  15.05
 1.8287  23.05
 1.8315  22.87
 1.8341  11.24
 1.8393  12.29
 1.8425  14.47
 1.8476  23.17
 1.8498  20.22
 1.8505  20.01
 1.8526  75.46
 1.8559  16.72
 1.8575  38.83
 1.8582  15.71
 1.8621  28.80
 1.8671  19.46
 1.8685  15.13
 1.8765  88.80
 1.8783  13.20
 1.8806  11.87
 1.8816  34.95
 1.8848  17.15
 1.8878  15.73
 1.8887  22.28
 1.8891  43.38
 1.8894  21.09
 1.8895  13.38
 1.8909  15.63
 1.8953  10.21
 1.9001  26.30
 1.9009  32.58
 1.9017  10.44
 1.9092  21.65
 1.9110  44.16
 1.9136  14.68
 1.9179  23.66
 1.9297  21.47
 1.9321  13.42
 1.9323  10.50
 1.9361  32.10
 1.9387  10.57
 1.9406  12.89
 1.9422  11.81
 1.9465  10.11
 1.9490  24.30
 1.9525  11.20
 1.9563  14.73
 1.9564  14.23
 1.9568  10.95
 1.9573  22.40
 1.9646  13.58
 1.9696  12.83
 1.9703  13.17
 1.9786  16.46
 1.9792  17.72
 1.9837  15.54
 1.9869  12.70
 1.9872  13.43
 1.9887  12.47
 1.9942  11.12
 2.0047  10.87
 2.0054  14.27
 2.0082  21.31
 2.0115  17.61
 2.0130  64.69
 2.0157 173.40
 2.0169  20.60
 2.0270  10.20
 2.0276  16.67
 2.0317  10.50
 2.0329  26.57
 2.0345  17.58
 2.0444  25.72
 2.0478  21.39
 2.0481  13.74
 2.0607  31.24
 2.0659  18.59
 2.0715  28.44
 2.0718  16.99
 2.0734  19.09
 2.0748  44.12
 2.0755  13.86
 2.0786  15.18
 2.0790  18.79
 2.0806  11.38
 2.0827  94.41
 2.0971  16.99
 2.0987  11.57
 2.1015  20.45
 2.1034  21.93
 2.1058  14.98
 2.1114  19.14
 2.1129  27.53
 2.1131  36.37
 2.1151  20.02
 2.1286 131.35
 2.1312  10.43
 2.1319  11.78
 2.1323  32.86
 2.1367  71.02
 2.1372  38.27
 2.1421  13.63
 2.1430  19.12
 2.1452  15.11
 2.1468  15.57
 2.1487  12.43
 2.1515  30.62
 2.1539  15.33
 2.1590  19.91
 2.1678  14.56
 2.1684  11.48
 2.1713  12.20
 2.1735  47.21
 2.1806  12.45
 2.1843  15.31
 2.1858  13.14
 2.1910  10.88
 2.1924  43.57
 2.1988  14.05
 2.2031  10.59
 2.2039  45.16
 2.2045  16.53
 2.2079  42.11
 2.2145  14.45
 2.2152  36.16
 2.2189  38.47
 2.2277  12.97
 2.2323  13.06
 2.2344  11.44
 2.2359  19.50
 2.2401  12.97
 2.2440  29.93
 2.2450  32.85
 2.2514  21.99
 2.2643  29.14
 2.2701  29.95
 2.2808  19.12
 2.2813  12.80
 2.2836  12.81
 2.2888  42.02
 2.2927  10.17
 2.3015  38.55
 2.3079  12.59
 2.3116  12.71
 2.3123  11.76
 2.3194  10.96
 2.3202  15.09
 2.3317  12.41
 2.3379  10.88
 2.3397  55.16
 2.3426  16.04
 2.3511  20.53
 2.3516  16.47
 2.3529  35.70
 2.3539  14.41
 2.3549 116.55
 2.3552  11.40
 2.3565  37.48
 2.3590  11.10
 2.3610  16.47
 2.3661  45.32
 2.3713  10.05
 2.3752  22.00
 2.3755  21.66
 2.3790  12.93
 2.3823  21.58
 2.3909  11.68
 2.3979  31.80
 2.4003  80.51
 2.4013  25.52
 2.4025  10.87
 2.4109  12.44
 2.4113  12.39
 2.4138  26.17
 2.4180  17.74
 2.4290 194.19
 2.4291  10.83
 2.4332  14.41
 2.4356  11.80
 2.4417  12.04
 2.4442  19.53
 2.4444  13.81
 2.4505  10.97
 2.4519  10.14
 2.4686  19.07
 2.4707  11.48
 2.4715  12.94
 2.4844  10.47
 2.4871  82.25
 2.4910  13.52
 2.4937  10.08
 2.4967  12.92
 2.4978  32.93
 2.5031  31.48
 2.5062  37.27
 2.5064  10.29
 2.5108  11.44
 2.5111  16.22
 2.5113  13.80
 2.5216  12.39
 2.5232  14.46
 2.5311  19.18
 2.5314  12.77
 2.5341  10.30
 2.5538  63.15
 2.5547  42.06
 2.5601  18.81
 2.5649  15.62
 2.5761  16.70
 2.5766 156.01
 2.5804 112.42
 2.5830  33.10
 2.5879  11.04
 2.5913  16.98
 2.5919  16.50
 2.5922  15.67
 2.5923  16.68
 2.5946  73.80
 2.5984  21.56
 2.5987  14.60
 2.5994  75.63
 2.6002  18.31
 2.6040  22.39
 2.6081  34.28
 2.6124  10.68
 2.6166  20.28
 2.6182  28.33
 2.6194  12.91
 2.6281  11.07
 2.6325  42.81
 2.6374  16.78
 2.6379  48.36
 2.6379  19.16
 2.6410  13.40
 2.6450  27.08
 2.6475 102.69
 2.6546  20.46
 2.6613  10.72
 2.6669  17.39
 2.6726  12.40
 2.6735  10.78
 2.6802  11.70
 2.6809  24.68
 2.6815  19.89
 2.6862  15.63
 2.6881  19.87
 2.6919  24.08
 2.6921  16.15
 2.6947  16.81
 2.7015 138.59
 2.7070  56.85
 2.7089  15.06
 2.7091  13.88
 2.7171  12.27
 2.7191  25.13
 2.7198  30.08
 2.7199  17.45
 2.7257  12.44
 2.7366  12.65
 2.7392  10.83
 2.7402 140.62
 2.7411  14.20
 2.7445  11.51
 2.7465  17.14
 2.7466  13.30
 2.7470  15.33
 2.7615  13.59
 2.7619  83.62
 2.7636  40.03
 2.7642  43.22
 2.7863  11.71
 2.7942  69.18
 2.8016  14.18
 2.8045  12.94
 2.8056  23.64
 2.8089  17.67
 2.8095  22.43
 2.8110  17.59
 2.8216  49.72
 2.8222  12.79
 2.8244  13.32
 2.8254 111.75
 2.8307  16.43
 2.8370  22.13
 2.8437  13.24
 2.8485  10.26
 2.8494  10.45
 2.8543  11.16
 2.8550  10.49
 2.8565 146.99
 2.8669  29.33
 2.8689  23.64
 2.8718  20.25
 2.8747  15.43
 2.8749  36.61
 2.8751  22.40
 2.8865  11.26
 2.8987  16.12
 2.9127  11.31
 2.9151  79.46
 2.9170  12.06
 2.9375  10.52
 2.9400  12.17
 2.9458 167.67
 2.9465  14.51
 2.9495  18.69
 2.9512  22.61
 2.9550  11.83
 2.9560  18.80
 2.9569  42.95
 2.9586  12.41
 2.9603  21.76
 2.9626  92.48
 2.9680  13.83
 2.9777  15.60
 2.9832  36.94
 2.9864  13.20
 2.9877  13.43
 2.9888 124.50
 2.9930  11.41
 2.9940  10.83
 2.9995  15.11
 3.0009  20.49
 3.0113  10.57
 3.0196  16.71
 3.0216  19.40
 3.0245  12.34
 3.0255  11.45
 3.0275  51.47
 3.0296  51.77
 3.0323  11.66
 3.0366 115.45
 3.0370  15.93
 3.0401  13.50
 3.0439  18.73
 3.0462  44.32
 3.0474  28.48
 3.0563  22.97
 3.0574  17.84
 3.0580 119.81
 3.0637  11.17
 3.0639  10.93
 3.0650  70.69
 3.0658  28.12
 3.0813  16.98
 3.0862  12.65
 3.0929  12.31
 3.1101  36.38
 3.1121  12.17
 3.1125  33.33
 3.1147  20.02
 3.1180  11.35
 3.1182 150.31
 3.1314  17.32
 3.1318  27.75
 3.1342  16.99
 3.1414 102.46
 3.1444  18.38
 3.1457  45.23
 3.1492  18.70
 3.1637  11.01
 3.1669  16.49
 3.1691  16.62
 3.1699  14.66
 3.1735  11.49
 3.1830  12.09
 3.1892  11.04
 3.1933  13.75
 3.2014  11.79
 3.2015 107.32
 3.2058  11.37
 3.2078  29.69
 3.2124  20.85
 3.2346  14.93
 3.2432  10.27
 3.2461  12.02
 3.2529  13.49
 3.2573  24.20
 3.2635 134.79
 3.2728  11.56
 3.2728  25.65
 3.2797  13.07
 3.2801  19.66
 3.2815  10.94
 3.2817  14.61
 3.2858  16.86
 3.2928  13.55
 3.2929  23.35
 3.2935  63.67
 3.2943  19.82
 3.2987  15.91
 3.3043  13.05
 3.3089  76.27
 3.3198  13.59
 3.3225  60.31
 3.3301  10.21
 3.3312  10.18
 3.3315  25.04
 3.3336  15.40
 3.3360  10.97
 3.3430  96.94
 3.3431  12.03
 3.3437  21.65
 3.3469  22.44
 3.3723  10.38
 3.3753  28.63
 3.3769  11.83
 3.3794  12.21
 3.3971  11.89
 3.4049  57.40
 3.4062  14.24
 3.4097  10.65
 3.4242  10.40
 3.4267  12.83
 3.4349  14.10
 3.4367  52.82
 3.4409  11.11
 3.4419  18.72
 3.4439  20.24
 3.4655  12.71
 3.4709  12.10
 3.4741  11.82
 3.4777  43.91
 3.4792  40.16
 3.4803  35.29
 3.4835  28.85
 3.4855  15.83
 3.4901  71.17
 3.4906  17.65
 3.4928  18.19
 3.4933  18.22
 3.4937  32.94
 3.5018  11.58
 3.5056  12.26
 3.5121  14.49
 3.5181  21.11
 3.5212  15.04
 3.5282  13.09
 3.5313  10.58
 3.5334  25.68
 3.5450  32.78
 3.5501  24.99
 3.5519  41.82
 3.5638  29.75
 3.5648  16.45
 3.5654  18.43
 3.5685  32.20
 3.5783  12.30
 3.5826  24.16
 3.5826  15.15
 3.5881  10.88
 3.5899  19.34
 3.5909  10.90
 3.5925 156.56
 3.5955  24.88
 3.5967  17.80
 3.6028  11.21
 3.6046  27.91
 3.6146  96.51
 3.6161  12.60
 3.6273  11.65
 3.6307  10.37
 3.6414  20.17
 3.6566  25.66
 3.6571  16.48
 3.6622  11.26
 3.6680  13.74
 3.6825  14.89
 3.6892  19.01
 3.6898  23.18
 3.7054  11.93
 3.7143  41.40
 3.7267  17.14
 3.7444  10.13
 3.7469  31.94
 3.7577  60.77
 3.7587  13.09
 3.7633  20.38
 3.7640  15.47
 3.7649  11.53
 3.7721  27.34
 3.7744  40.91
 3.7790  48.46
 3.7866  12.20
 3.7883  14.73
 3.7934  12.50
 3.8023  10.38
 3.8128  10.77
 3.8154  13.24
 3.8181  10.76
 3.8402  16.84
 3.8443  12.17
 3.8526  80.22
 3.8617  14.69
 3.8630  10.57
 3.8667  25.41
 3.8763  13.88
 3.8784  14.26
 3.8879  10.19
 3.8899  14.18
 3.8949  40.92
 3.8961  16.50
 3.8975  11.36
 3.8986  15.64
 3.9038  11.22
 3.9167  11.95
 3.9190  13.68
 3.9372  33.09
 3.9406  13.17
 3.9441  23.79
 3.9449  12.40
 3.9487  11.77
 3.9539  31.35
 3.9543  14.56
 3.9581 164.27
 3.9648  14.03
 3.9758  22.06
 3.9790  44.43
 3.9893  38.63
 3.9922  43.69
 4.0006  13.81
 4.0033  13.15
 4.0049  41.25
 4.0053  23.97
 4.0103  13.75
 4.0120  13.83
 4.0127  13.54
 4.0586  16.08
 4.0601  53.44
 4.0613  20.32
 4.0686  12.98
 4.0698  19.93
 4.0785  26.82
 4.0843  20.43
 4.0966  23.57
 4.1035  17.70
 4.1085  10.76
 4.1124 159.17
 4.1129  22.82
 4.1148  34.05
 4.1212  19.65
 4.1595  35.12
 4.1614  64.66
 4.1637  12.04
 4.1707  10.13
 4.1751  14.79
 4.1790  23.74
 4.1875  17.76
 4.1898  13.73
 4.1965  11.20
 4.2017  37.27
 4.2075  10.98
 4.2157  12.67
 4.2295  16.19
 4.2311  12.73
 4.2338  18.87
 4.2353  14.51
 4.2511  10.32
 4.2568  71.56
 4.2597  23.88
 4.2626  86.10
 4.2714  22.34
 4.2725  37.84
 4.2969  18.05
 4.3122  15.14
 4.3258  21.97
 4.3313  12.01
 4.3324  16.81
 4.3357  11.09
 4.3663  30.10
 4.3669  17.54
 4.3725  10.67
 4.3745  11.35
 4.3766  10.00
 4.3832  11.24
 4.3945  20.26
 4.3983  10.11
 4.3999  20.04
 4.4078  28.69
 4.4086  12.77
 4.4170  11.20
 4.4218  25.14
 4.4383  13.10
 4.4457  26.51
 4.4673  35.16
 4.4720  46.74
 4.4787  10.89
 4.4854  35.11
 4.4913  30.92
 4.4918  83.10
 4.5022  10.38
 4.5107  12.85
 4.5181  22.14
 4.5461  37.84
 4.5487  39.70
 4.5624  13.25
 4.5771  20.92
 4.5964  19.18
 4.5979  10.80
 4.5994  72.80
 4.6042  55.10
 4.6119  15.11
 4.6144  21.39
 4.6269  11.51
 4.6299  10.99
 4.6316  17.58
 4.6332  12.04
 4.6473  21.58
 4.6514  10.22
 4.6558  12.17
 4.6713  13.92
 4.6720  21.14
 4.6735  13.53
 4.6814  12.34
 4.6836  18.91
 4.6839  13.58
 4.6863  38.79
 4.6883  13.99
 4.7033  16.97
 4.7081  14.25
 4.7083  10.24
 4.7145  10.21
 4.7345  24.94
 4.7506  10.09
 4.7627  11.24
 4.7760  13.23
 4.8246 106.60
 4.8379  18.43
 4.8412  17.13
 4.8429  22.28
 4.8559  36.83
 4.8564  16.68
 4.8872  37.43
 4.8937  17.64
 4.8973  11.55
 4.9317  15.44
 4.9349  18.29
 4.9524  28.27
 4.9530  10.18
 4.9540  30.80
 4.9787  11.50
 4.9838 194.53
 5.0088  36.72
 5.0386  25.92
 5.0401  42.93
 5.0642  37.54
 5.0766  36.86
 5.1069  21.72
 5.1176  18.38
 5.1267  21.01
 5.1343  43.16
 5.1355  17.29
 5.1384  22.69
 5.1603  22.61
 5.1695  14.90
 5.1784  14.17
 5.1827  11.15
 5.1864  90.13
 5.2148  11.04
 5.2181  18.70
 5.2298  17.34
 5.2348  22.21
 5.2595  11.98
 5.2699  11.86
 5.2795  10.61
 5.2938  37.74
 5.3290  59.55
 5.3465  19.29
 5.3587  21.03
 5.3902  28.80
 5.3918  13.42
 5.4030  15.30
 5.4267  10.30
 5.4639  25.66
 5.4824  18.03
 5.4899  26.74
 5.5156  12.83
 5.5166  22.10
 5.5196  20.83
 5.5263  15.97
 5.5312  36.82
 5.5357  24.77
 5.5362  15.01
 5.5574  13.25
 5.5869  38.29
 5.6161  37.32
 5.6310  11.81
 5.6427  21.75
 5.6462  44.72
 5.6530  12.24
 5.6540  12.29
 5.6653  23.55
 5.6720  21.77
 5.6720  16.37
 5.7157  22.27
 5.7508  11.13
 5.7521  18.65
 5.7646  33.71
 5.7656  10.99
 5.7757  12.93
 5.7802  12.17
 5.7810  41.22
 5.7819  21.92
 5.8102  12.40
 5.8263  10.98
 5.8284  34.45
 5.8406  15.51
 5.8546  11.84
 5.8690  11.28
 5.8850  10.51
 5.9198  28.20
 5.9273  21.65
 5.9402  13.68
 5.9782  10.01
 5.9930  86.54
 6.0012  10.79
 6.0146  95.80
 6.0236  12.83
 6.0465  19.83
 6.0516 168.27
 6.0645  47.46
 6.0877  10.76
 6.0924  12.51
 6.1022  10.88
 6.1029  13.45
 6.1172  13.73
 6.1773  45.52
 6.1784  26.91
 6.2497  80.18
 6.2516  10.33
 6.2544  41.82
 6.2583  16.16
 6.2945  41.84
 6.3460  12.08
 6.3631  17.25
 6.3670  20.53
 6.3672  11.34
 6.3680  12.53
 6.3910  14.88
 6.3962  17.48
 6.4000  22.56
 6.4020  10.32
 6.4052  11.08
 6.4204  10.08
 6.4205  10.80
 6.4248  89.65
 6.4410  11.27
 6.4440  10.12
 6.4475  14.62
 6.4485  28.04
 6.4511  40.17
 6.4796  11.86
 6.4798  26.43
 6.4799  10.79
 6.5076  91.72
 6.5340  13.78
 6.6112  80.86
 6.6135  28.25
 6.6328  19.91
 6.6591  14.47
 6.6807  10.32
 6.6890  24.50
 6.6948  16.81
 6.7306  24.70
 6.7503  16.02
 6.8014  39.54
 6.8033  17.17
 6.8303  25.03
 6.8585  26.91
 6.8765  21.26
 6.9018  16.30
 6.9067  11.00
 6.9125  10.38
 6.9286  11.32
 6.9570  99.60
 6.9793  10.07
 7.0313  20.42
 7.0436  41.69
 7.0536  35.51
 7.0718  14.14
 7.0813  10.82
 7.0942  13.23
 7.0988  17.19
 7.1179  41.84
 7.1212 102.91
 7.1281  30.29
 7.1398  10.51
 7.1530  51.70
 7.1721  23.65
 7.2006 151.02
 7.2318  24.87
 7.2678  74.22
 7.3062  42.62
 7.3111  61.54
 7.3268  13.86
 7.3762  41.70
 7.3786  12.74
 7.4196  39.24
 7.4691  13.45
 7.5146  13.69
 7.5171  33.88
 7.5835  15.95
 7.5867  23.91
 7.6217  95.94
 7.6414  36.72
 7.7171  40.04
 7.7815  19.91
 7.7958  13.67
 7.8587  16.24
 7.8612  11.76
 7.8742  12.54
 7.8918 111.97
 7.9257 178.64
 7.9643  10.42
 7.9958  25.38
 8.0067  43.65
 8.0365  18.66
 8.0550  18.65
 8.0666  11.94
 8.1040  11.83
 8.1655 155.90
 8.1983  12.31
 8.2078  61.40
 8.2172  10.67
 8.3293  30.24
 8.3575  65.91
 8.4054  12.06
 8.4596  36.60
 8.4603  40.02
 8.4778 132.73
 8.4942  27.14
 8.5134  59.27
 8.5465  12.26
 8.5827  12.88
 8.6080  88.11
 8.6185  34.24
 8.6260  10.75
 8.6604  59.50
 8.7177  27.00
 8.7338  86.01
 8.7373  16.20
 8.7730  13.71
 8.7882  80.15
 8.8171  18.36
 8.8693  15.77
 8.8738  99.32
 8.9096 163.27
 8.9850  24.80
 9.1003  29.97
 9.1461  12.29
 9.1806  10.26
 9.2283  24.34
 9.2385  50.79
 9.2980  20.28
 9.3315  19.29
 9.4601  27.18
 9.7576  13.00
 9.7666  19.48
 9.7752  12.05
 9.8000  14.32
 9.8007  72.29
 9.9460  10.15
10.0223  39.88
10.0399  11.96
10.2241  23.95
10.2647  12.47
10.5080  14.90
10.6027  20.63
10.8126  99.55
10.8838  88.18
10.9109 160.21
10.9467  12.16
10.9518  11.43
11.0070  17.67
11.0413  37.88
11.0550  41.83
11.0556  13.02
11.1468  18.93
11.1951  17.84
11.2441  68.95
11.2859  27.38
11.3148  10.45
11.3149  92.48
11.3594  11.21
11.4488  97.71
11.5261  19.20
11.5296 138.75
11.5390  17.60
11.6727  12.76
11.9155  18.47
11.9665 152.38
11.9748  58.03
12.1931  10.95
12.2160  11.45
12.2580  17.38
12.4812  32.48
12.5129 101.53
12.5317  18.96
12.6614  27.15
12.8970 131.39
12.9300  33.04
12.9954 169.97
13.1167 199.98
13.4506  10.71
13.7326  34.30
13.7361  11.87
13.7872  12.89
13.8428  42.51
13.8456  36.74
13.9323  10.69
13.9569  39.07
14.1689 192.68
14.1947 102.91
14.2313  17.62
14.2388  45.36
14.3960  13.72
14.4142  65.21
14.4546  11.08
14.4654  89.34
14.6641  54.73
14.7165 142.65
15.0480  24.54
15.1326  27.90
15.2500  37.08
15.3986  48.81
15.5457  19.79
15.5903 121.40
15.7737  24.23
15.9480  36.08
16.0907 130.62
16.5089  13.03
16.5270 113.65
16.5838  14.16
16.6244  13.53
16.7609  24.44
17.3677 161.12
17.3837 129.23
18.0929  38.71
18.7069 151.88
18.9653  40.39
19.1332  30.69
19.2620 144.25
19.4289  58.12
19.4684  58.95
19.6161  13.66
19.7164  86.58
20.3455 144.27
20.5628  85.13
20.7864  44.87
20.9260  30.89
21.1252  41.14
21.2218  77.15
21.2294  12.06
21.2990  60.77
21.3196  10.10
21.3269  11.83
21.7190  14.08
21.8367 115.93
21.9565 162.54
22.1137  26.44
22.1438  43.32
23.3164  35.57
23.4124 180.07
23.5708 171.95
24.3005  35.03
24.3972  33.50
24.4664  13.68
24.6511  63.64
24.8286 144.40
24.8662  75.79
25.2598 120.78
25.5864  10.34
26.6095  53.13
26.7120 147.73
27.2946 116.70
27.8597  89.92
28.5344 187.40
28.8588  83.62
29.2067 181.18
29.8478  31.28
30.0464  13.65
30.2554 151.92
30.3926  74.53
30.7369  90.47
30.8265  39.81
31.4503 157.58
31.7343 111.40
31.9290  40.65
33.5729 187.00
34.2209 122.96
36.2433 199.22
36.2480 148.37
36.6314  69.74
36.8280 198.81
38.0982  10.94
38.5609  69.41
38.7846 174.68
39.1311 143.74
39.5403 192.77
