 0.1059  69.34
 0.4361 119.69
 1.1905  36.04
 1.1913  18.52
 1.1932  16.10
 1.1934  12.34
 1.1939  12.06
 1.1940  10.56
 1.1941  10.62
 1.1955  54.70
 1.1966  12.01
 1.1979  18.81
 1.1984  10.14
 1.1984  20.50
 1.2012  13.09
 1.2013  15.91
 1.2029  17.32
 1.2041  14.07
 1.2043  10.78
 1.2047  11.19
 1.2047  16.01
 1.2053  29.12
 1.2058  12.38
 1.2072  18.13
 1.2075  43.84
 1.2081  22.89
 1.2095  12.71
 1.2096  11.25
 1.2097  38.61
 1.2104  11.91
 1.2107  39.18
 1.2116  13.67
 1.2125  11.06
 1.2134  50.52
 1.2138  11.70
 1.2142  13.46
 1.2157  10.26
 1.2169  11.90
 1.2183  11.26
 1.2189  36.97
 1.2199  11.85
 1.2199  12.00
 1.2202  14.62
 1.2222 145.28
 1.2239  12.15
 1.2239  38.96
 1.2241  11.76
 1.2242  19.51
 1.2248  15.78
 1.2281  10.96
 1.2296  10.02
 1.2308  24.79
 1.2316  10.96
 1.2326  13.10
 1.2329  33.53
 1.2336  12.18
 1.2346  18.92
 1.2351  14.31
 1.2351  15.76
 1.2365  15.05
 1.2379  22.80
 1.2392  48.14
 1.2392  11.84
 1.2392  61.51
 1.2407  10.11
 1.2427  22.06
 1.2439  11.72
 1.2453  38.40
 1.2462  19.21
 1.2470  10.77
 1.2497  28.90
 1.2505  10.18
 1.2505  10.81
 1.2517  22.10
 1.2527  28.72
 1.2544  11.00
 1.2548  11.96
 1.2563  74.80
 1.2564  28.05
 1.2591  21.68
 1.2591  41.53
 1.2603  27.46
 1.2608  65.41
 1.2621  15.53
 1.2625  11.43
 1.2629  10.33
 1.2634  10.12
 1.2635  10.96
 1.2670  38.47
 1.2676  12.39
 1.2685  15.06
 1.2699  11.31
 1.2715  19.60
 1.2752  10.44
 1.2756  11.12
 1.2761  42.12
 1.2773  12.06
 1.2784  14.29
 1.2785  10.28
 1.2806  10.88
 1.2807  23.02
 1.2808  56.73
 1.2811  82.06
 1.2856  11.20
 1.2861  18.73
 1.2869  49.35
 1.2901  10.01
 1.2946  24.14
 1.2949  12.40
 1.2949  19.80
 1.2969  12.51
 1.2970  15.93
 1.2981  14.42
 1.2994  15.56
 1.3000  10.06
 1.3001  20.63
 1.3007  17.39
 1.3011  18.02
 1.3031  30.33
 1.3039  13.68
 1.3053  27.10
 1.3066  44.21
 1.3068  28.24
 1.3070  15.52
 1.3090  13.64
 1.3103  12.24
 1.3123  20.13
 1.3125  24.19
 1.3128  25.55
 1.3128  12.79
 1.3132  40.82
 1.3145  14.87
 1.3146  53.07
 1.3153  61.49
 1.3155  11.73
 1.3155  13.49
 1.3162  11.32
 1.3177  14.47
 1.3213  11.02
 1.3216  41.22
 1.3220  10.63
 1.3226  30.75
 1.3235  37.36
 1.3244  28.29
 1.3258  14.24
 1.3261  11.37
 1.3273  53.15
 1.3277  16.95
 1.3278  31.20
 1.3292  33.35
 1.3319 113.79
 1.3328  16.93
 1.3330  10.68
 1.3354  11.15
 1.3355  41.93
 1.3355  11.10
 1.3367  11.66
 1.3381  11.78
 1.3384  35.67
 1.3388  21.81
 1.3391  14.26
 1.3412  11.97
 1.3415  12.33
 1.3421  10.02
 1.3440  11.81
 1.3443  10.75
 1.3461  20.39
 1.3484  17.25
 1.3484  26.25
 1.3486  17.34
 1.3495  10.55
 1.3496  45.14
 1.3497  13.89
 1.3503  12.16
 1.3512  12.63
 1.3513  12.16
 1.3517  13.78
 1.3541  13.85
 1.3563  12.18
 1.3564  49.17
 1.3586  19.18
 1.3591  12.07
 1.3593  24.55
 1.3594  13.82
 1.3601  26.50
 1.3602  80.86
 1.3603  11.15
 1.3639  10.60
 1.3647  31.73
 1.3648  25.23
 1.3662  10.11
 1.3684  19.34
 1.3690  16.65
 1.3691  71.49
 1.3694  43.42
 1.3701  31.73
 1.3708  10.28
 1.3720  50.79
 1.3722  12.40
 1.3729  26.92
 1.3798  10.64
 1.3811  43.89
 1.3815  52.05
 1.3829  12.44
 1.3839  31.27
 1.3840  14.41
 1.3850  47.63
 1.3851  10.32
 1.3857  28.82
 1.3867  92.58
 1.3872  32.84
 1.3879  23.47
 1.3883  53.82
 1.3885  23.08
 1.3897  10.06
 1.3903  36.82
 1.3911  13.48
 1.3918  13.23
 1.3919  33.56
 1.3927  18.41
 1.3927  34.03
 1.3943  34.39
 1.3967  10.78
 1.3981  23.12
 1.3993  17.53
 1.4016  28.19
 1.4018  45.65
 1.4034  20.75
 1.4034  72.01
 1.4050  11.89
 1.4053  15.23
 1.4070  11.12
 1.4078  11.20
 1.4091  14.74
 1.4098  21.65
 1.4132  21.21
 1.4141  11.71
 1.4168  10.50
 1.4172  11.86
 1.4196  12.60
 1.4205  13.25
 1.4212  46.25
 1.4214 117.65
 1.4220  10.93
 1.4236  15.34
 1.4245  75.92
 1.4254  15.29
 1.4262  19.63
 1.4276  12.74
 1.4300  13.12
 1.4306  21.05
 1.4309  34.71
 1.4333  22.08
 1.4342  13.34
 1.4347  22.02
 1.4360  33.33
 1.4379 153.35
 1.4388  18.29
 1.4410  11.46
 1.4415  13.28
 1.4417  11.88
 1.4417  28.78
 1.4423 177.47
 1.4424  31.10
 1.4433  37.51
 1.4437  13.48
 1.4448  40.24
 1.4465  21.69
 1.4467  13.29
 1.4467  24.25
 1.4479  22.94
 1.4496  35.28
 1.4504  12.42
 1.4508  11.50
 1.4515  13.94
 1.4516 166.08
 1.4520  12.73
 1.4528  11.59
 1.4529  31.80
 1.4540  10.03
 1.4547  50.17
 1.4571  10.21
 1.4579  11.13
 1.4589  27.68
 1.4619  20.21
 1.4621  49.78
 1.4647  10.20
 1.4647  10.23
 1.4649  46.53
 1.4662  68.84
 1.4662  18.96
 1.4668  30.30
 1.4671  11.99
 1.4687  12.70
 1.4692  46.48
 1.4705  36.58
 1.4708  11.69
 1.4715  28.87
 1.4731  10.88
 1.4731  20.22
 1.4733  11.69
 1.4735  10.25
 1.4759  16.86
 1.4763  41.46
 1.4763  10.83
 1.4765  10.70
 1.4781  10.73
 1.4782  41.50
 1.4792  14.46
 1.4794  11.74
 1.4799  17.48
 1.4818  15.23
 1.4827  26.03
 1.4841  31.28
 1.4857  10.19
 1.4862  16.38
 1.4865  10.17
 1.4871  11.14
 1.4873  42.48
 1.4878  10.37
 1.4906  10.02
 1.4932  10.02
 1.4942  13.87
 1.4964  18.25
 1.4974  54.76
 1.4981  13.03
 1.5006  10.14
 1.5008  10.13
 1.5011  11.90
 1.5017  15.47
 1.5026  16.07
 1.5028  12.23
 1.5052  31.06
 1.5053  12.63
 1.5085  13.53
 1.5090  13.88
 1.5093  61.80
 1.5094  10.08
 1.5102  31.61
 1.5120  25.75
 1.5129  14.22
 1.5141  17.45
 1.5141  25.47
 1.5145  14.54
 1.5147  14.33
 1.5150  15.31
 1.5152  13.32
 1.5176  24.21
 1.5187  55.99
 1.5190  22.09
 1.5191  51.04
 1.5196  15.05
 1.5198  12.20
 1.5207  26.64
 1.5220  14.86
 1.5226  31.79
 1.5228  12.91
 1.5231  22.11
 1.5251  15.28
 1.5257  56.05
 1.5260  23.59
 1.5272  13.96
 1.5285  17.12
 1.5298  11.73
 1.5302  26.66
 1.5307  14.53
 1.5351  12.51
 1.5356  10.59
 1.5356  23.34
 1.5374  20.24
 1.5421  20.81
 1.5444  14.22
 1.5451  51.41
 1.5457  12.27
 1.5471  11.07
 1.5475  58.52
 1.5480  25.05
 1.5484  20.45
 1.5488  21.61
 1.5499  12.25
 1.5537  10.25
 1.5551  21.48
 1.5558  21.47
 1.5585  30.84
 1.5585  17.50
 1.5607  14.33
 1.5631  10.86
 1.5661  12.16
 1.5675  12.97
 1.5679  12.96
 1.5680  10.17
 1.5693  12.75
 1.5699  12.44
 1.5712  33.65
 1.5721  10.31
 1.5729  15.10
 1.5741  35.34
 1.5756 157.65
 1.5757  29.85
 1.5777  10.98
 1.5788  12.48
 1.5805  21.85
 1.5808  25.34
 1.5824  11.22
 1.5830  16.14
 1.5842  18.16
 1.5845  16.76
 1.5874  10.64
 1.5880 105.39
 1.5886  15.07
 1.5929  35.12
 1.5932  26.74
 1.5942  67.64
 1.5948 164.15
 1.5982  21.56
 1.5987  11.46
 1.5999  15.58
 1.6011  13.43
 1.6013  26.89
 1.6014  23.24
 1.6021  17.86
 1.6036  19.70
 1.6057  16.40
 1.6086  20.44
 1.6087  13.04
 1.6088  28.96
 1.6100  25.89
 1.6111  16.36
 1.6118  14.56
 1.6121  11.65
 1.6121  11.38
 1.6152  10.37
 1.6160  37.50
 1.6163  30.86
 1.6172  66.78
 1.6174  21.95
 1.6186  36.29
 1.6192  15.77
 1.6206  10.40
 1.6233  11.14
 1.6239  13.62
 1.6259 149.47
 1.6260  20.81
 1.6283  13.65
 1.6284  13.21
 1.6285  28.71
 1.6287  12.84
 1.6319  15.24
 1.6326  91.14
 1.6328  15.02
 1.6331  12.74
 1.6341  34.17
 1.6341  13.74
 1.6361  14.10
 1.6370  43.19
 1.6371  10.60
 1.6376  16.81
 1.6384 102.96
 1.6396  15.04
 1.6406  10.27
 1.6414  18.20
 1.6414 148.05
 1.6419  16.90
 1.6429  16.57
 1.6430  11.50
 1.6434  48.02
 1.6471  15.64
 1.6472  15.90
 1.6479  11.46
 1.6496  43.09
 1.6509  87.40
 1.6511  10.96
 1.6545  21.32
 1.6550  14.23
 1.6570  26.75
 1.6591  21.51
 1.6596  17.52
 1.6600  10.40
 1.6622  11.24
 1.6643  12.72
 1.6651  18.05
 1.6659  10.10
 1.6659  12.30
 1.6689  33.60
 1.6700  10.60
 1.6702  28.72
 1.6703  16.97
 1.6708  28.36
 1.6777  31.06
 1.6781  30.81
 1.6834  15.89
 1.6860 138.18
 1.6868  22.82
 1.6888  13.75
 1.6899  19.03
 1.6911  74.70
 1.6915  35.90
 1.6960  11.88
 1.6979  17.39
 1.6984  43.42
 1.7003  23.59
 1.7045  18.26
 1.7049  10.68
 1.7062  12.69
 1.7080  11.27
 1.7086  15.52
 1.7091  12.17
 1.7133  11.28
 1.7139  11.45
 1.7146  13.41
 1.7160  17.66
 1.7165  26.34
 1.7172  11.02
 1.7183  34.78
 1.7184  10.53
 1.7191  11.40
 1.7211  10.50
 1.7233  28.34
 1.7252  11.21
 1.7263  57.97
 1.7264  21.19
 1.7265  12.36
 1.7274  50.30
 1.7280  11.75
 1.7297 118.64
 1.7299  33.83
 1.7312  16.23
 1.7328  48.01
 1.7332  17.07
 1.7346 100.93
 1.7359  15.43
 1.7387  11.21
 1.7401 139.56
 1.7450  12.26
 1.7456  11.10
 1.7459  10.65
 1.7460  12.95
 1.7472  12.20
 1.7496  24.42
 1.7502  17.71
 1.7545  10.33
 1.7548  17.25
 1.7557  36.02
 1.7566  46.71
 1.7576  42.11
 1.7605  12.65
 1.7614  47.23
 1.7614  69.00
 1.7614  11.81
 1.7615  10.20
 1.7631  12.23
 1.7656  35.49
 1.7662  12.65
 1.7665  39.44
 1.7670  11.64
 1.7677  14.33
 1.7693  50.43
 1.7697  31.59
 1.7699  41.71
 1.7707  17.39
 1.7720  12.33
 1.7720  11.52
 1.7724 129.24
 1.7727  52.94
 1.7727  14.95
 1.7732  66.71
 1.7748  11.68
 1.7770  13.53
 1.7801  39.12
 1.7806  14.86
 1.7809  41.38
 1.7810 198.18
 1.7820  11.36
 1.7823  12.81
 1.7824  10.14
 1.7825  37.21
 1.7838  10.22
 1.7892  41.29
 1.7917  10.00
 1.7920  15.96
 1.7932  24.20
 1.7950  33.93
 1.7966  16.26
 1.7977  17.68
 1.7979  26.24
 1.7980  23.98
 1.7987  33.53
 1.7993  19.61
 1.7995  33.66
 1.8012  24.63
 1.8016  12.00
 1.8022  11.93
 1.8028  23.18
 1.8053  23.22
 1.8055  19.10
 1.8065  20.54
 1.8094  21.03
 1.8113  15.32
 1.8140  20.74
 1.8140  12.51
 1.8148  20.85
 1.8157  33.22
 1.8170  10.04
 1.8180  15.15
 1.8194  14.49
 1.8197  18.05
 1.8218  10.85
 1.8222  11.76
 1.8224  14.25
 1.8252  10.83
 1.8262  38.71
 1.8309  12.20
 1.8319  29.38
 1.8339  19.57
 1.8360 121.38
 1.8370  10.64
 1.8387  15.42
 1.8393  46.67
 1.8440  13.38
 1.8449  11.78
 1.8455  15.61
 1.8469  15.28
 1.8490  10.03
 1.8501  16.10
 1.8502  15.22
 1.8505  55.46
 1.8513  15.07
 1.8536  16.09
 1.8545 161.94
 1.8552  10.29
 1.8581  11.84
 1.8582 141.76
 1.8582  10.98
 1.8605  52.10
 1.8607  14.05
 1.8614  11.78
 1.8624  10.22
 1.8639  12.84
 1.8641  10.45
 1.8641  17.06
 1.8642  16.17
 1.8666  16.41
 1.8701  13.70
 1.8705  12.43
 1.8713  23.62
 1.8715  22.58
 1.8721  13.49
 1.8726  25.15
 1.8727  10.92
 1.8755  34.23
 1.8767  12.25
 1.8773  15.69
 1.8774  19.87
 1.8778  17.70
 1.8785  25.75
 1.8815  10.47
 1.8830  14.92
 1.8851  15.92
 1.8854  11.35
 1.8870  12.18
 1.8887  19.30
 1.8905  10.16
 1.8920  18.09
 1.8921  12.80
 1.8923  10.98
 1.8923  28.30
 1.8926 108.07
 1.8927  38.86
 1.8934  52.66
 1.8965  17.84
 1.8967  10.45
 1.8995  12.48
 1.8998  18.96
 1.9010  10.84
 1.9013  29.34
 1.9043  10.69
 1.9045  19.15
 1.9058  15.50
 1.9093  13.90
 1.9094 126.28
 1.9132  13.23
 1.9183  15.24
 1.9186  12.74
 1.9198  32.73
 1.9203  27.35
 1.9231  15.17
 1.9247  12.09
 1.9252  11.10
 1.9257  25.10
 1.9259  12.23
 1.9263  16.49
 1.9312  11.96
 1.9326  11.88
 1.9342  12.91
 1.9372  27.64
 1.9382  10.44
 1.9382  31.00
 1.9400 123.47
 1.9408  25.63
 1.9414  22.73
 1.9416  10.19
 1.9421  46.67
 1.9431  21.93
 1.9451 121.38
 1.9454  23.25
 1.9459  16.90
 1.9470  17.78
 1.9491  12.15
 1.9558  12.74
 1.9559  13.59
 1.9577  10.85
 1.9583  22.88
 1.9583  14.62
 1.9611  24.51
 1.9633  10.72
 1.9641  19.18
 1.9661  59.48
 1.9669  10.37
 1.9677 103.91
 1.9678  13.26
 1.9717  22.02
 1.9718  12.46
 1.9720  14.09
 1.9724  10.29
 1.9748  83.42
 1.9749  16.47
 1.9802  14.49
 1.9809  13.72
 1.9838  15.90
 1.9841  14.34
 1.9903  10.12
 1.9903  10.63
 1.9911  10.79
 1.9920  21.54
 1.9965  12.59
 1.9978  18.57
 1.9986  15.27
 1.9992  57.67
 2.0008  11.32
 2.0056  21.87
 2.0059  15.57
 2.0069  11.97
 2.0075  11.37
 2.0092  14.55
 2.0100  11.15
 2.0102 100.13
 2.0129  45.52
 2.0151  28.18
 2.0164  28.21
 2.0191  57.96
 2.0206  42.25
 2.0222  24.76
 2.0233  35.38
 2.0251 183.91
 2.0279  17.21
 2.0287  25.68
 2.0289  13.63
 2.0330  15.33
 2.0339  10.21
 2.0371  10.93
 2.0372  19.52
 2.0398  13.23
 2.0405  19.98
 2.0413  46.80
 2.0428  32.63
 2.0442  82.16
 2.0471  15.98
 2.0472  27.05
 2.0486  10.03
 2.0504  21.33
 2.0507  21.83
 2.0512  11.26
 2.0531  87.27
 2.0562  10.45
 2.0571  15.13
 2.0580  13.64
 2.0601  19.22
 2.0619  13.86
 2.0634  14.91
 2.0657  16.03
 2.0675  11.15
 2.0691  10.48
 2.0704  10.20
 2.0730  17.54
 2.0751  12.32
 2.0872  22.31
 2.0884  12.60
 2.0904  20.62
 2.0915  18.35
 2.0931  10.09
 2.0933  19.33
 2.0937  52.82
 2.0949  71.34
 2.0952  15.01
 2.0953  19.84
 2.0964  10.29
 2.1016  25.38
 2.1026  11.86
 2.1046  30.64
 2.1104  10.77
 2.1116  14.39
 2.1121  55.91
 2.1126  16.09
 2.1152  19.43
 2.1156  38.35
 2.1168 182.92
 2.1181  13.34
 2.1195  14.50
 2.1202  14.62
 2.1209  17.82
 2.1213  17.01
 2.1227  12.84
 2.1250  93.08
 2.1250  28.23
 2.1269 114.76
 2.1368  12.71
 2.1368  10.02
 2.1427  52.15
 2.1435  13.77
 2.1512  14.36
 2.1525  21.95
 2.1530  32.67
 2.1587  28.57
 2.1593  10.31
 2.1603  11.05
 2.1610  14.00
 2.1615 107.43
 2.1626 115.29
 2.1638  25.80
 2.1664  10.41
 2.1682  33.95
 2.1685  56.86
 2.1687  11.46
 2.1708  22.94
 2.1750  27.86
 2.1771  57.08
 2.1773  19.49
 2.1817  11.22
 2.1817  19.30
 2.1851  33.49
 2.1878  10.31
 2.1882  18.14
 2.1883  11.25
 2.1890  21.01
 2.1892  11.07
 2.1914  10.17
 2.2006  53.33
 2.2031  41.01
 2.2040  10.73
 2.2045  25.18
 2.2071  39.38
 2.2121  23.38
 2.2129  10.62
 2.2138  20.73
 2.2169  25.92
 2.2172  16.77
 2.2201  16.41
 2.2220  13.21
 2.2231  19.74
 2.2232  44.72
 2.2232  10.30
 2.2237  21.69
 2.2267  16.06
 2.2273  42.35
 2.2297 193.37
 2.2340  63.40
 2.2391  60.61
 2.2407  11.93
 2.2409  43.37
 2.2426  15.13
 2.2443  13.17
 2.2447  15.71
 2.2487  12.58
 2.2499  10.22
 2.2520  13.88
 2.2559  16.62
 2.2569  16.87
 2.2570  33.21
 2.2592  11.34
 2.2599  62.18
 2.2614  27.72
 2.2622  12.48
 2.2674  16.11
 2.2694  16.75
 2.2697  13.53
 2.2813  20.34
 2.2814  11.87
 2.2882  23.89
 2.2910  10.00
 2.2930  12.74
 2.2941  28.59
 2.2946  13.23
 2.2962  19.07
 2.2963  13.69
 2.2970  13.68
 2.3015  19.31
 2.3051  20.88
 2.3060  20.99
 2.3075  65.48
 2.3103  20.73
 2.3110  17.88
 2.3114  12.85
 2.3114  13.13
 2.3127  13.56
 2.3139  50.72
 2.3147  15.69
 2.3168  12.36
 2.3187  21.82
 2.3188  14.56
 2.3189  66.30
 2.3190 106.72
 2.3193  18.53
 2.3195  19.35
 2.3196  61.80
 2.3199  65.76
 2.3205  25.88
 2.3245  50.88
 2.3258  71.98
 2.3260  23.31
 2.3285  47.71
 2.3295  19.66
 2.3327  23.37
 2.3331  20.10
 2.3345  13.64
 2.3368 198.04
 2.3409  10.13
 2.3409  63.03
 2.3449  22.64
 2.3456  10.41
 2.3462  10.84
 2.3470  11.92
 2.3476  22.45
 2.3495  27.68
 2.3518  39.46
 2.3539  20.27
 2.3608  28.36
 2.3616  56.67
 2.3619  11.14
 2.3668  16.51
 2.3691  32.95
 2.3730  50.91
 2.3756  22.08
 2.3759  25.84
 2.3764  12.89
 2.3782  14.30
 2.3787  25.38
 2.3822  30.73
 2.3826  22.41
 2.3849  31.84
 2.3900  14.47
 2.3905  11.81
 2.3928  43.94
 2.3931  29.19
 2.3937  18.74
 2.3952  16.83
 2.3968  11.19
 2.4029  11.70
 2.4038  15.39
 2.4076  14.00
 2.4083  12.68
 2.4103  14.43
 2.4105  39.35
 2.4107  12.49
 2.4113  49.43
 2.4117  14.54
 2.4130  13.50
 2.4138  13.77
 2.4138  60.26
 2.4195  27.93
 2.4198  15.16
 2.4203  47.45
 2.4204  23.47
 2.4229  18.09
 2.4234  12.13
 2.4240  12.31
 2.4277  30.94
 2.4281  18.06
 2.4317  14.88
 2.4317  10.59
 2.4332  11.13
 2.4353  35.28
 2.4354  12.61
 2.4354  59.29
 2.4373  10.04
 2.4424  11.32
 2.4427  13.01
 2.4440  11.31
 2.4449  36.92
 2.4472  16.41
 2.4505 112.55
 2.4518  18.82
 2.4536  18.85
 2.4537 104.19
 2.4538  11.11
 2.4593  11.18
 2.4637  15.22
 2.4664  19.28
 2.4698  10.09
 2.4718  10.90
 2.4752  15.48
 2.4762  17.81
 2.4774  18.25
 2.4806  12.34
 2.4807  17.22
 2.4827  10.27
 2.4900  14.34
 2.4902  16.52
 2.4941  10.48
 2.4982  10.32
 2.5061  14.60
 2.5093  14.75
 2.5103  31.58
 2.5103  11.09
 2.5105  13.57
 2.5105  19.39
 2.5107  12.16
 2.5122  95.46
 2.5131  19.02
 2.5134  27.81
 2.5137  10.96
 2.5145  21.98
 2.5190  21.49
 2.5191  26.58
 2.5205  19.35
 2.5224  12.12
 2.5267  35.09
 2.5278  10.41
 2.5283  14.11
 2.5318  14.87
 2.5321  13.44
 2.5328  18.72
 2.5337  17.02
 2.5342  11.95
 2.5410  22.59
 2.5443 100.35
 2.5463  12.95
 2.5464  12.31
 2.5464  12.75
 2.5500  36.95
 2.5553  14.92
 2.5556  11.14
 2.5571  12.13
 2.5575  12.09
 2.5600 146.92
 2.5604  14.91
 2.5619  20.33
 2.5626  31.77
 2.5626  13.71
 2.5635  39.72
 2.5663  10.08
 2.5667  37.37
 2.5682  18.96
 2.5689  11.41
 2.5689  34.27
 2.5696  11.67
 2.5710  12.15
 2.5711 101.40
 2.5713  27.28
 2.5719  12.82
 2.5725  12.75
 2.5728  17.11
 2.5729  24.29
 2.5733  34.84
 2.5752  38.10
 2.5757  12.99
 2.5766  13.45
 2.5768  12.54
 2.5807  11.86
 2.5813  38.37
 2.5828  14.93
 2.5841  12.57
 2.5874  50.58
 2.5890  10.58
 2.5896  16.67
 2.5902  15.29
 2.5938  16.06
 2.5951  10.81
 2.5954  15.37
 2.5957  62.49
 2.5965  15.15
 2.5987  26.51
 2.5989 157.14
 2.6009  60.70
 2.6014  19.34
 2.6021  27.23
 2.6035  10.56
 2.6057  25.08
 2.6113  28.63
 2.6143  31.08
 2.6163  20.82
 2.6214  22.32
 2.6238  12.72
 2.6347  41.41
 2.6353  21.05
 2.6400  10.89
 2.6401  16.46
 2.6456  20.86
 2.6473  11.62
 2.6483  41.32
 2.6484  20.06
 2.6522  12.92
 2.6557  10.21
 2.6570  21.50
 2.6576  19.34
 2.6582  36.29
 2.6593  13.78
 2.6603  10.56
 2.6617  26.33
 2.6678  19.06
 2.6729  11.91
 2.6734  37.98
 2.6746  20.05
 2.6772  16.63
 2.6782  59.93
 2.6811  15.47
 2.6814  15.76
 2.6822  43.02
 2.6872  19.69
 2.6906  12.97
 2.6919  23.34
 2.6943  17.21
 2.6956 176.01
 2.7005  13.97
 2.7013 110.92
 2.7026  17.08
 2.7042  15.32
 2.7054  24.36
 2.7070  21.90
 2.7079  13.02
 2.7084  15.59
 2.7100  10.92
 2.7108  22.32
 2.7133  21.51
 2.7136  18.60
 2.7140  15.06
 2.7149  45.02
 2.7151  59.11
 2.7167  22.12
 2.7196 109.54
 2.7238  12.55
 2.7262  22.05
 2.7263  11.31
 2.7349  15.69
 2.7381  13.96
 2.7390  40.05
 2.7444  13.12
 2.7535 141.69
 2.7538  22.40
 2.7552  10.74
 2.7568  16.13
 2.7578  12.72
 2.7584  10.48
 2.7589  24.67
 2.7663  10.09
 2.7678  18.66
 2.7690  10.16
 2.7717  43.29
 2.7739  15.83
 2.7756  21.80
 2.7769  23.89
 2.7769  11.91
 2.7776  11.58
 2.7780 131.52
 2.7785  12.74
 2.7798  24.28
 2.7814  42.73
 2.7839  19.19
 2.7904  15.80
 2.7911  11.24
 2.7973  14.61
 2.7978  19.02
 2.7989  27.99
 2.8006  12.96
 2.8009  18.06
 2.8037  10.03
 2.8080  17.61
 2.8106  15.33
 2.8147  12.01
 2.8176  56.83
 2.8195  18.63
 2.8215  95.83
 2.8331  25.53
 2.8354  12.42
 2.8361  15.66
 2.8376  13.58
 2.8489  23.77
 2.8547  12.15
 2.8570  86.83
 2.8575  12.74
 2.8597  14.85
 2.8623  14.12
 2.8661  10.16
 2.8669  44.04
 2.8680  27.78
 2.8690  13.70
 2.8730  27.51
 2.8750  12.67
 2.8763  10.83
 2.8778  19.12
 2.8814  15.65
 2.8833  17.95
 2.8851  19.32
 2.8867  13.63
 2.8906  12.88
 2.8913  16.46
 2.8920  20.98
 2.8956  10.34
 2.8998  13.11
 2.9004  12.04
 2.9023  10.55
 2.9049  21.18
 2.9058  10.08
 2.9073  11.33
 2.9079  17.95
 2.9114  11.70
 2.9126  17.91
 2.9169  11.04
 2.9173  16.74
 2.9202  10.44
 2.9203  10.97
 2.9232  20.92
 2.9239  15.37
 2.9291  15.17
 2.9298  75.17
 2.9390  38.77
 2.9396  12.23
 2.9410  20.08
 2.9419  33.62
 2.9497 128.02
 2.9518  16.45
 2.9558  44.95
 2.9569 117.60
 2.9615  14.91
 2.9656  94.25
 2.9700  44.83
 2.9734  34.62
 2.9748  37.67
 2.9773  10.82
 2.9783  36.41
 2.9803  61.26
 2.9810  13.03
 2.9824  13.70
 2.9876  34.22
 2.9877  24.05
 2.9885  15.44
 2.9939  14.88
 2.9982  25.51
 2.9994  21.38
 2.9996  30.03
 3.0006  18.36
 3.0023  69.16
 3.0043  16.62
 3.0053  10.13
 3.0080  12.74
 3.0093  56.17
 3.0095  18.29
 3.0137  42.31
 3.0167  10.03
 3.0176  19.87
 3.0200  10.24
 3.0248  23.17
 3.0257 136.77
 3.0258  25.38
 3.0267  17.41
 3.0319  20.64
 3.0335  10.99
 3.0343  18.55
 3.0356  16.88
 3.0371  58.63
 3.0375  21.29
 3.0387  26.93
 3.0398  24.48
 3.0440  10.94
 3.0443  11.05
 3.0445  10.37
 3.0460  16.95
 3.0463  10.45
 3.0478  13.66
 3.0489 146.48
 3.0505  40.32
 3.0529  52.41
 3.0553  42.62
 3.0573  53.25
 3.0633  17.09
 3.0658  10.34
 3.0682  23.03
 3.0741  14.05
 3.0820  12.23
 3.0862  32.08
 3.0929  15.21
 3.0930  12.22
 3.0943  48.56
 3.0948  10.83
 3.0964  23.92
 3.1011  44.89
 3.1051  19.61
 3.1083  16.49
 3.1084  15.77
 3.1144  20.90
 3.1146  56.98
 3.1193  16.23
 3.1220  12.36
 3.1239  26.57
 3.1254  11.19
 3.1286  15.84
 3.1325  12.80
 3.1338  10.37
 3.1345  11.45
 3.1348  40.18
 3.1352  10.97
 3.1361  14.33
 3.1367  15.41
 3.1400  12.08
 3.1443  13.09
 3.1444  11.36
 3.1473  43.22
 3.1483  12.24
 3.1501 128.67
 3.1507  15.32
 3.1531  27.78
 3.1601  29.10
 3.1707  18.46
 3.1722  82.11
 3.1737  11.36
 3.1763  23.11
 3.1788  10.85
 3.1797  20.52
 3.1826  12.43
 3.1889  40.45
 3.1902  12.37
 3.1913  13.80
 3.1915  19.13
 3.1990  17.00
 3.2021  13.93
 3.2038  12.48
 3.2057  58.82
 3.2120  14.33
 3.2123  18.88
 3.2137  16.93
 3.2141  57.60
 3.2148  15.29
 3.2153  19.91
 3.2237  15.86
 3.2314  65.27
 3.2335  13.05
 3.2367  10.15
 3.2401  10.29
 3.2529  20.68
 3.2540  16.82
 3.2550  14.19
 3.2571  10.45
 3.2577  25.30
 3.2597  12.59
 3.2621  15.78
 3.2653  18.81
 3.2670  66.63
 3.2680  13.39
 3.2721  10.33
 3.2738  40.98
 3.2763  23.01
 3.2768  18.96
 3.2809  13.93
 3.2837  10.98
 3.2913  17.75
 3.2922  17.93
 3.2926  19.94
 3.2934  24.14
 3.2936  21.08
 3.2945  10.66
 3.2957  47.53
 3.2986  22.35
 3.3030  14.82
 3.3036  68.43
 3.3048  16.23
 3.3239  12.85
 3.3240  11.37
 3.3257  10.51
 3.3343  11.01
 3.3349  97.93
 3.3350  10.23
 3.3361  10.44
 3.3362  12.01
 3.3362  20.87
 3.3386  44.00
 3.3406  11.61
 3.3431  28.24
 3.3452  30.77
 3.3459  38.60
 3.3464  24.62
 3.3508  12.63
 3.3532  26.55
 3.3578  23.15
 3.3581  20.07
 3.3597  43.55
 3.3621  29.69
 3.3623  14.29
 3.3642  10.46
 3.3658  15.13
 3.3873  17.92
 3.3887  59.11
 3.3888  25.67
 3.3964  22.92
 3.3965  11.87
 3.3971  36.87
 3.3979  10.04
 3.3998  17.60
 3.4002  10.87
 3.4090  14.83
 3.4247  29.89
 3.4330  82.57
 3.4347  14.52
 3.4395  14.29
 3.4436  26.93
 3.4437  19.32
 3.4617  25.25
 3.4645  12.55
 3.4648  10.88
 3.4648  17.51
 3.4653  45.50
 3.4665  12.19
 3.4665  12.52
 3.4698  16.63
 3.4748  10.62
 3.4787  11.06
 3.4897  13.79
 3.4907  15.40
 3.4908  11.10
 3.4946 184.09
 3.4998  14.76
 3.5028  12.93
 3.5085  11.49
 3.5097  83.02
 3.5100  25.49
 3.5122  13.40
 3.5160  37.44
 3.5212  78.09
 3.5221  27.17
 3.5223  15.25
 3.5229  10.70
 3.5241  13.39
 3.5258 164.64
 3.5268  22.96
 3.5316  18.69
 3.5403  31.29
 3.5405 117.02
 3.5436  13.94
 3.5483  57.46
 3.5643  14.99
 3.5644  61.27
 3.5649  20.73
 3.5667  19.44
 3.5696  13.60
 3.5710  14.84
 3.5722  13.23
 3.5729  16.23
 3.5736  11.97
 3.5758  14.97
 3.5818  14.08
 3.5872  91.59
 3.5876  10.53
 3.5933 114.28
 3.5967  52.82
 3.6062  13.04
 3.6115 198.12
 3.6120  21.67
 3.6150 145.99
 3.6163  10.05
 3.6204  10.29
 3.6232  11.99
 3.6236  10.10
 3.6358  10.90
 3.6392 143.32
 3.6534  13.16
 3.6546 109.75
 3.6547  11.93
 3.6561  19.19
 3.6570  32.80
 3.6581  14.08
 3.6585  10.59
 3.6627  62.80
 3.6660  19.40
 3.6678  15.16
 3.6710  18.17
 3.6718  11.42
 3.6760  10.77
 3.6784  13.77
 3.6807  13.21
 3.6807  19.51
 3.6834  30.41
 3.6858  16.62
 3.7034  16.08
 3.7053  16.57
 3.7098  42.08
 3.7194  12.83
 3.7200  23.29
 3.7257  15.94
 3.7326  31.04
 3.7366  23.37
 3.7380  55.23
 3.7384  10.31
 3.7402  44.35
 3.7466  19.09
 3.7546  10.68
 3.7560  23.07
 3.7567  12.96
 3.7585  13.14
 3.7597  13.86
 3.7622  85.97
 3.7702  11.24
 3.7712  24.38
 3.7732  27.15
 3.7795  33.68
 3.7807  25.91
 3.7840  20.54
 3.7861  54.01
 3.7897  35.34
 3.7906  16.24
 3.7927  35.37
 3.7978  13.81
 3.7979  16.70
 3.8064  17.73
 3.8125  18.28
 3.8281  25.38
 3.8309  10.36
 3.8314  13.54
 3.8326  12.24
 3.8338  14.41
 3.8426  11.30
 3.8431  11.93
 3.8437  12.54
 3.8438  10.48
 3.8459  36.96
 3.8497  10.30
 3.8554  10.05
 3.8556  18.10
 3.8558  31.04
 3.8562  27.78
 3.8589  17.08
 3.8592  11.52
 3.8663  15.94
 3.8749  20.00
 3.8781  19.03
 3.8862  10.05
 3.8867  23.52
 3.8932  73.22
 3.9045  27.98
 3.9058  10.70
 3.9065  12.42
 3.9163  10.47
 3.9215  53.38
 3.9242  40.75
 3.9328  33.95
 3.9384  11.83
 3.9390  51.96
 3.9397  14.74
 3.9409  24.85
 3.9414  11.97
 3.9457  77.14
 3.9462  18.36
 3.9472 183.05
 3.9515  47.54
 3.9548  10.83
 3.9557  22.15
 3.9559  16.58
 3.9605  28.63
 3.9615  11.73
 3.9616  42.83
 3.9639  12.06
 3.9663  12.53
 3.9671  54.14
 3.9671  26.95
 3.9681  27.37
 3.9694  36.11
 3.9735  23.17
 3.9745  10.24
 3.9768  52.25
 3.9856  11.78
 3.9894  18.66
 3.9979  49.13
 3.9979  43.80
 4.0056  14.02
 4.0086  10.50
 4.0135  13.78
 4.0258  11.21
 4.0322  25.83
 4.0404  10.07
 4.0440 105.14
 4.0445 137.88
 4.0482  11.52
 4.0542  22.98
 4.0554  10.71
 4.0562  17.33
 4.0599  53.09
 4.0624  10.40
 4.0658  10.31
 4.0669  10.46
 4.0692  16.65
 4.0703 155.91
 4.0739  12.67
 4.0753  35.33
 4.0803  48.51
 4.0822  10.44
 4.0863  12.16
 4.0883  23.50
 4.0940  16.47
 4.0942 130.11
 4.0959  53.10
 4.1014  30.43
 4.1111  16.70
 4.1122  10.75
 4.1140  10.14
 4.1161  10.13
 4.1207  10.10
 4.1338  12.41
 4.1355  14.92
 4.1422  56.19
 4.1443  20.48
 4.1495  12.94
 4.1554  90.23
 4.1702  40.33
 4.1714  16.89
 4.1753  23.18
 4.1779  33.35
 4.1804  15.96
 4.1830  19.01
 4.1887  14.11
 4.1919  11.89
 4.2024  10.23
 4.2089  16.65
 4.2182  12.06
 4.2217  17.13
 4.2292  11.41
 4.2356  23.54
 4.2370  20.50
 4.2400  12.51
 4.2433  10.69
 4.2458  12.83
 4.2512  40.95
 4.2583  12.75
 4.2620  15.57
 4.2633  12.14
 4.2721 147.94
 4.2858  44.78
 4.2930  23.00
 4.3049  43.38
 4.3319  33.72
 4.3352  10.99
 4.3394  48.72
 4.3406  13.61
 4.3502  13.09
 4.3512  14.23
 4.3657  20.52
 4.3683  14.96
 4.3733  14.53
 4.3752  56.81
 4.3758  13.19
 4.3765  23.62
 4.3790  15.19
 4.4050  39.30
 4.4058  45.27
 4.4088  46.37
 4.4207  10.81
 4.4232  20.49
 4.4244 117.07
 4.4319  32.19
 4.4328  15.89
 4.4470  28.50
 4.4555  10.74
 4.4627  17.19
 4.4644  10.83
 4.4657  15.82
 4.4720  12.59
 4.4785  17.82
 4.4801  35.17
 4.4811 191.08
 4.4824  35.00
 4.4904  11.13
 4.4950  10.90
 4.5169  15.00
 4.5188  11.50
 4.5269  32.47
 4.5322  10.06
 4.5398  39.80
 4.5500 190.81
 4.5527  17.04
 4.5756  10.63
 4.5768  11.00
 4.5784  30.86
 4.5827  13.56
 4.5857  26.01
 4.5860  16.15
 4.5881  10.60
 4.5957  19.01
 4.5966  64.32
 4.5999  27.13
 4.6040  13.01
 4.6073  17.13
 4.6150  64.78
 4.6180  29.56
 4.6221  16.77
 4.6257  11.22
 4.6369  16.64
 4.6382  12.76
 4.6447  17.96
 4.6543  20.17
 4.6604 127.45
 4.6654  14.53
 4.6744  12.75
 4.6747  43.37
 4.6795  28.98
 4.6867  40.31
 4.6965  17.15
 4.6980 141.16
 4.6992  19.10
 4.7037  82.51
 4.7053  13.35
 4.7063  11.24
 4.7073  10.49
 4.7291  41.28
 4.7307  11.48
 4.7348  26.06
 4.7453  10.06
 4.7455  17.42
 4.7456  27.32
 4.7479  16.99
 4.7553  48.58
 4.7579  14.67
 4.7584  31.69
 4.7662  17.93
 4.7680  80.43
 4.7695  66.73
 4.7726  13.44
 4.7778  28.12
 4.7780  15.08
 4.7798 109.32
 4.7821  10.25
 4.7861  14.00
 4.7898  24.17
 4.8056  86.79
 4.8058  12.88
 4.8321  10.34
 4.8354  15.83
 4.8405  51.75
 4.8529  35.42
 4.8666  11.05
 4.8726  29.41
 4.8750  10.60
 4.8814  10.71
 4.8839  16.32
 4.8868  35.37
 4.8927  29.71
 4.9012  35.43
 4.9054  77.76
 4.9071  29.21
 4.9185  15.96
 4.9242  46.75
 4.9294  17.50
 4.9389  24.41
 4.9459  10.11
 4.9463  12.97
 4.9468  42.77
 4.9578  10.15
 4.9615  29.12
 4.9627  10.43
 4.9633  10.61
 4.9716  12.27
 4.9762  15.70
 4.9842  12.57
 4.9874  11.64
 5.0005  27.31
 5.0048  14.34
 5.0059  25.53
 5.0066  13.30
 5.0112  18.12
 5.0153 152.61
 5.0238  21.96
 5.0249  11.24
 5.0252  12.95
 5.0253 128.58
 5.0259  42.59
 5.0272  18.53
 5.0354  35.06
 5.0359  19.32
 5.0451  10.92
 5.0510  31.47
 5.0550  12.42
 5.0584  12.06
 5.0645  18.95
 5.0652  20.36
 5.0654  12.02
 5.0667  14.67
 5.0753  14.46
 5.0775  10.15
 5.0960  14.57
 5.1064 137.96
 5.1089  15.48
 5.1269  10.87
 5.1302  67.91
 5.1335  11.69
 5.1591  18.04
 5.1709  13.29
 5.1858  19.58
 5.1936  11.07
 5.2180  18.76
 5.2188  65.84
 5.2221  11.38
 5.2297  13.57
 5.2321  12.92
 5.2487  18.36
 5.2608  17.24
 5.2711  29.91
 5.2780  10.74
 5.2855  16.16
 5.2892  42.11
 5.3152  10.55
 5.3306  17.95
 5.3339  17.33
 5.3396  11.74
 5.3422  28.80
 5.3441  13.03
 5.3468  12.64
 5.3491 197.53
 5.3557  33.57
 5.3559  11.35
 5.3567  12.75
 5.3592  27.62
 5.3631  38.13
 5.3694  21.07
 5.3729  12.00
 5.3793  13.10
 5.3801  24.64
 5.3835  10.25
 5.3848  17.04
 5.3872  17.53
 5.4026  38.26
 5.4093  10.35
 5.4151  13.55
 5.4338  33.56
 5.4365 135.20
 5.4420  43.55
 5.4592  12.86
 5.4617  18.72
 5.4650  12.69
 5.4669  15.33
 5.4673  14.16
 5.4714  13.46
 5.4866 100.63
 5.4978  36.10
 5.5001  13.91
 5.5177  16.23
 5.5266  51.88
 5.5293  11.94
 5.5332  11.37
 5.5592  22.86
 5.5596  21.26
 5.5820  87.56
 5.5861  10.91
 5.6001  11.35
 5.6092  17.90
 5.6107  14.64
 5.6130  15.00
 5.6154  20.18
 5.6157  49.19
 5.6174  16.68
 5.6269  42.08
 5.6353  17.61
 5.6365  11.48
 5.6391  11.80
 5.6391  31.39
 5.6415  26.57
 5.6455  23.90
 5.6601  44.15
 5.6630  31.03
 5.6684  24.10
 5.6718  11.52
 5.6911  44.02
 5.7002  11.12
 5.7082  48.77
 5.7464  22.15
 5.7525  46.64
 5.7550  17.87
 5.7651  14.02
 5.7810  21.91
 5.7838  22.36
 5.7885  13.24
 5.7895  27.80
 5.8049  46.50
 5.8210  12.41
 5.8364  11.45
 5.8368  26.82
 5.8399  12.17
 5.8525  11.61
 5.8609  14.32
 5.8706  18.02
 5.8855  20.55
 5.8898  11.89
 5.9124  93.41
 5.9197  12.32
 5.9312  38.47
 5.9432  14.18
 5.9558  42.15
 5.9572 169.44
 5.9609  20.98
 5.9723  43.76
 5.9815  23.50
 5.9848  15.35
 6.0015  25.54
 6.0138  23.60
 6.0157  15.19
 6.0175  20.04
 6.0351  26.10
 6.0589  23.61
 6.0839  32.54
 6.0948  15.63
 6.1004  24.96
 6.1044  45.43
 6.1107  11.43
 6.1346  19.60
 6.1351  23.25
 6.1471  11.64
 6.1527  28.79
 6.1576  19.04
 6.1697  10.77
 6.1895  11.20
 6.1984  19.73
 6.2074  18.77
 6.2153  17.90
 6.2175  45.26
 6.2238  26.89
 6.2306  17.34
 6.2400  27.75
 6.2523  16.39
 6.2530  19.73
 6.2544  10.42
 6.2608  16.56
 6.2743  28.43
 6.2793  14.92
 6.2956  19.84
 6.3049  18.09
 6.3105  10.99
 6.3139  16.49
 6.3146  21.01
 6.3157  29.04
 6.3259  18.84
 6.3454  35.50
 6.3633  15.19
 6.3706  16.12
 6.3864  13.03
 6.4421  11.06
 6.4486  46.26
 6.4699  39.28
 6.4988  18.16
 6.5109  14.30
 6.5117  11.93
 6.5172  16.77
 6.5268  11.13
 6.5321 124.08
 6.5406  15.20
 6.5426  20.07
 6.5533  11.62
 6.5896  15.50
 6.5910  11.54
 6.5963  43.21
 6.6280  12.95
 6.6464  10.23
 6.6464  83.98
 6.6647  13.85
 6.6788  13.92
 6.6991  15.40
 6.7103  16.08
 6.7113  41.98
 6.7291  20.58
 6.7353  12.42
 6.7392 101.21
 6.7528  13.78
 6.7630  27.05
 6.7674  56.33
 6.7783  17.42
 6.7991  85.84
 6.8125  23.58
 6.8274 125.87
 6.8330  24.70
 6.8618  51.18
 6.8637  60.48
 6.8807  11.13
 6.8872  10.38
 6.9221  23.19
 6.9326  49.56
 6.9396 144.97
 6.9488  34.11
 6.9570  24.81
 6.9715  10.80
 6.9836  20.39
 6.9864  18.53
 7.0146  40.23
 7.0283  48.70
 7.0641  14.09
 7.0769  11.16
 7.0836  16.30
 7.0896  23.81
 7.0919  10.63
 7.0958  11.00
 7.1072  14.50
 7.1118  26.66
 7.1212  36.58
 7.1221  41.21
 7.1345  47.04
 7.1396  16.20
 7.1426  31.14
 7.1461  13.03
 7.1645  19.12
 7.1709  14.97
 7.1768  19.33
 7.1848  11.17
 7.1885  17.59
 7.1887  23.45
 7.2056  15.61
 7.2533  25.61
 7.2713  53.45
 7.2726  37.36
 7.2781  10.63
 7.2792  33.71
 7.2846  14.30
 7.3163  16.37
 7.3491  16.10
 7.3500  10.70
 7.4098  13.49
 7.4428  10.73
 7.4483  10.64
 7.4508  10.03
 7.4579  10.23
 7.4815  77.55
 7.4863  10.06
 7.4978  11.29
 7.4987  13.62
 7.5099  10.41
 7.5133  13.84
 7.5758  19.69
 7.5784  25.97
 7.5821  19.39
 7.5838  11.83
 7.5853  16.33
 7.6469  20.57
 7.6500  69.27
 7.6685  10.37
 7.6718  11.97
 7.7020  11.37
 7.7221 181.10
 7.7319  12.17
 7.7347  34.26
 7.7538  10.73
 7.8084  34.46
 7.8464  68.00
 7.8806  21.02
 7.8883  10.75
 7.8945  12.74
 7.8994  58.67
 7.9092 122.94
 7.9186  19.61
 7.9201  42.38
 8.0632  10.78
 8.0816  17.28
 8.0821  22.11
 8.0887  24.85
 8.0942  22.08
 8.0944  45.33
 8.1245  23.45
 8.1480  13.88
 8.1880  12.37
 8.2550  38.32
 8.2591  10.94
 8.2796  45.45
 8.2847  14.76
 8.2935  34.04
 8.3363  93.57
 8.3699  30.24
 8.4321  47.60
 8.4675  14.11
 8.4767  15.42
 8.5097  15.09
 8.5310  22.18
 8.5406  34.99
 8.6108  19.39
 8.6118  30.58
 8.6217  14.97
 8.6475 129.97
 8.6534  11.79
 8.6824  37.34
 8.7235  19.43
 8.7784 152.33
 8.7858  35.01
 8.7994  17.53
 8.8310  10.50
 8.8681  44.97
 8.8769  32.68
 8.8995  14.60
 8.9397  42.92
 8.9548  11.26
 8.9954  15.96
 9.0324  10.23
 9.0325  20.49
 9.0395  55.28
 9.0472  23.46
 9.0542  11.05
 9.0730  10.13
 9.0801  16.81
 9.1304  54.12
 9.1962  11.44
 9.2782  49.50
 9.2788  81.11
 9.3148  27.57
 9.3650  85.38
 9.4044  13.16
 9.4511  15.36
 9.4710 105.75
 9.5850  43.47
 9.6211  14.86
 9.6337  44.72
 9.6907  42.83
 9.7631  11.11
 9.7683  35.36
 9.8700  10.60
 9.9005  12.84
10.0423  68.15
10.0906  32.66
10.0931  11.81
10.1247  43.25
10.2066  11.32
10.2211  65.83
10.2718  46.05
10.2996  29.40
10.3239  10.78
10.3795  13.15
10.5384  10.40
10.6005  42.77
10.6116  26.67
10.6758  11.11
10.6997  51.30
10.7216  12.66
10.7574 166.58
10.8037  14.52
10.8866  43.19
10.9027  90.18
10.9070  43.16
10.9655  31.18
11.0250  20.65
11.0629  43.41
11.0840  76.44
11.1061  22.09
11.1964  45.51
11.2427  37.84
11.2598  23.31
11.2630 115.93
11.2902  43.62
11.3261  18.72
11.4335  41.31
11.5608  20.53
11.6451  13.24
11.6832  88.17
11.6950  13.39
11.8151  12.02
11.9474  42.53
11.9695  22.11
11.9955  82.63
12.0877  15.26
12.0976  50.90
12.1248  10.96
12.1312  12.57
12.1345  13.81
12.1746  18.97
12.1968  11.06
12.2699  31.81
12.2921  10.50
12.4164  25.87
12.4431  46.05
12.4870 164.02
12.5281  11.30
12.6588 179.55
12.7188 132.23
12.8884  83.04
13.0959  17.52
13.1283  52.33
13.2455  12.71
13.4649 146.10
13.4725  75.63
13.4952 115.62
13.5293  62.71
13.5776  43.93
13.5990  44.45
13.6226  11.10
13.6485  16.57
13.7101 128.31
13.7309  11.08
13.8967  42.19
13.9683  35.92
14.0913  31.92
14.1138 173.29
14.2124  21.58
14.4244  23.39
14.4619  12.71
14.5320  11.46
14.5736  25.55
14.5994 180.37
14.6262  26.70
14.6294 102.79
14.7419  23.29
14.7674  34.87
14.7804  13.59
14.8201  39.97
14.8672 132.66
14.8798 104.84
15.1359  17.81
15.3405  74.03
15.5974 116.25
15.6074  44.58
15.7555 174.70
15.8919  97.39
16.0390  12.44
16.1708  19.31
16.3563  20.66
16.3784 174.50
16.5358  44.40
16.8594 145.95
16.9041  44.12
17.0638 173.59
17.4352  20.51
17.7100  12.74
17.7206  93.79
17.8103  29.45
18.2828  29.28
18.3198  43.95
18.5140  39.50
18.7030  14.99
18.7866  10.69
18.8245  38.03
18.8450  13.09
18.8468  10.69
19.1650 155.40
19.2131  13.99
19.2781 150.22
19.5797  38.51
19.6390  33.69
19.6843 167.14
19.7144 151.46
19.8977  44.47
20.0594 174.86
20.4278 185.02
20.4503  56.02
20.5831  11.07
20.7307 154.46
20.7552  44.11
20.8817  54.10
22.1940  44.24
22.3599  64.24
22.4951  54.64
23.0541  40.97
23.2539 191.62
23.3238  87.97
23.4052  17.96
23.5398  25.84
23.6753  76.61
24.1307  47.48
24.5873  83.42
24.6923 167.97
25.0216 109.36
25.0219  27.89
25.0897  33.49
25.7066  44.91
25.7647  34.59
26.0790  14.58
27.0106  18.61
27.1196  83.39
28.4220 167.40
28.4749  12.02
28.6821  13.19
28.7443  57.62
29.8312  56.56
32.4211  78.83
32.4683  79.52
33.0306  76.97
33.3031  35.27
34.0436 169.43
34.4661  30.87
35.2547 130.70
35.5514 124.27
35.7835 134.20
36.7847 115.26
36.8865  92.56
36.9825 155.93
37.1648  63.34
37.1897 182.83
37.4198  59.99
37.7864 178.76
37.8762 159.27
38.0236 107.97
38.8499  77.59
39.0312  18.28
